_C_7f24_59f40b8c_c cc 0 30 1 0 7c7c2034 0 3220 
_C_7f24_59f40b8c_e cc 0 30 1 0 7c7c2031 0 3520 
_C_7f24_59f40b8c_1 8c 0 d8 0 0 6e0a0a0a 0 65207275 0 66207468 0 6e64206f 0 68652065 0 41742074 0 a0a0a 
_C_7f24_59f40b8c_14 cc 0 20 1 0 387c7c30 
_C_7f24_59f40b8c_13 cc 0 58 1 0 307c7c39 0 347c7c31 0 327c7c 
_C_7f24_59f40b8c_16 cc 0 8 1 0 34 
_C_7f24_59f40b8c_f cc 0 8 1 0 35 
_C_7f24_59f40b8c_11 cc 0 8 1 0 37 
_C_7f24_59f40b8c_15 cc 0 8 1 0 30 
_C_7f24_59f40b8c_b cc 0 8 1 0 31 
_C_7f24_59f40b8c_d cc 0 8 1 0 33 
_C_7f24_59f40b8c_12 cc 0 30 1 0 7c7c2038 0 3020 
_C_7f24_59f40b8c_10 cc 0 30 1 0 7c7c2031 0 3620 
_C_7f24_59f40b8c_8 8c 0 258 0 0 2025640a 0 7465203d 0 20737461 0 72656e74 0 20637572 0 2025732c 0 7465203d 0 20737461 0 63746564 0 65787065 0 756c2c20 0 65737366 0 73756363 0 6e6f7420 0 696f6e20 0 73657274 0 64206173 0 74652025 0 537461 
_C_7f24_59f40b8c_6 8c 0 58 0 0 24245f32 0 616d6564 0 756e6e 
_C_7f24_59f40b8c_a 8c 0 290 0 0 2025640a 0 6574203d 0 20726573 0 3d202573 0 61746520 0 64207374 0 65637465 0 2c657870 0 3d202564 0 61746520 0 74207374 0 7272656e 0 2c206375 0 7366756c 0 63636573 0 74207375 0 6e206e6f 0 7274696f 0 61737365 0 73657420 0 5265 
_C_7f24_59f40b8c_9 8c 0 58 0 0 24245f31 0 616d6564 0 756e6e 
_C_7f24_59f40b8c_2 8c 0 40 0 0 20697320 0 54696d65 
_C_7f24_59f40b8c_5 94 0 20 0 0 14 
_C_7f24_59f40b8c_3 8c 0 90 0 0 67676564 0 2d206275 0 2d2d2d2d 0 2d2d2d2d 0 2d2d 
_C_7f24_59f40b8c_7 94 0 20 0 0 3 
_C_7f24_59f40b8c_4 94 0 20 0 0 a 
